T0_1 =  Matrix([[ 1, 0, 0, 0    ], 
                [ 0, 1, 0, 0    ], 
                [ 0, 0, 1, 0.75 ], 
                [ 0, 0, 0, 1    ]])
                
T0_2 =  Matrix([[ 0, 1, 0, 0.35 ], 
	        [ 0, 0, 1, 0    ],
	        [ 1, 0, 0, 0.75 ],
	        [ 0, 0, 0, 1    ]])
	        
T0_3 =  Matrix([[ 0, 1, 0, 0.35 ],
                [ 0, 0, 1, 0    ],
                [ 1, 0, 0, 2.0  ],
                [ 0, 0, 0, 1    ]])
                
T0_4 =  Matrix([[ 0, 0, 1,  1.85],
                [ 0,-1, 0, 0    ],
                [ 1, 0, 0, 1.946],
                [ 0, 0, 0, 1    ]])
                
T0_5 =  Matrix([[ 0, 1, 0,  1.85],
                [ 0, 0, 1, 0    ],
                [ 1, 0, 0, 1.946],
                [ 0, 0, 0, 1    ]])
                
T0_6 =  Matrix([[ 0, 0, 1,  1.85],
                [ 0,-1, 0, 0    ],
                [ 1, 0, 0, 1.946],
                [ 0, 0, 0, 1    ]])
                
T0_G =  Matrix([[ 0, 0, 1, 2.153],
                [ 0,-1, 0, 0    ],
                [ 1, 0, 0, 1.946],
                [ 0, 0, 0, 1    ]])

